nBakeryProducts 6
Timehorizon 15
l: 0 0 0 0 0 0
h: 4 2 2 4 3 4
K: 1000 1000 1000 1000 1000 1000 1000 1000 1000 1000 1000 1000 1000 1000 1000
a: 1 1 1 1 1 1
d1:   0.00  95.00  92.00  91.00 108.00 103.00   0.00 101.00  90.00 101.00   0.00 106.00   0.00   0.00   0.00 
d2: 106.00   0.00   0.00 104.00  91.00 106.00   0.00   0.00   0.00   0.00  93.00   0.00   0.00   0.00 107.00 
d3: 107.00 195.00   0.00   0.00  93.00   0.00 101.00  95.00   0.00   0.00   0.00  96.00  94.00 108.00   0.00 
d4:   0.00   0.00   0.00 104.00 100.00 106.00   0.00   0.00   0.00 103.00  94.00   0.00   0.00  93.00   0.00 
d5:   0.00   0.00 104.00 109.00   0.00   0.00  97.00  96.00   0.00  93.00  95.00   0.00 108.00  90.00  99.00 
d6:   0.00   0.00   0.00   0.00   0.00  94.00  98.00   0.00  98.00   0.00   0.00  94.00 104.00   0.00  97.00 
s1: 1000.00  200.00  600.00  400.00  1000.00  200.00 
s2: 1000.00  200.00  600.00  400.00  1000.00  200.00 
s3: 1000.00  200.00  600.00  400.00  1000.00  200.00 
s4: 1000.00  200.00  600.00  400.00  1000.00  200.00 
s5: 1000.00  200.00  600.00  400.00  1000.00  200.00 
s6: 1000.00  200.00  600.00  400.00  1000.00  200.00 
st1: 120.00 120.00  90.00  30.00  30.00  60.00 
st2: 120.00 120.00  90.00  30.00  30.00  60.00
st3: 120.00 120.00  90.00  30.00  30.00  60.00 
st4: 120.00 120.00  90.00  30.00  30.00  60.00
st5: 120.00 120.00  90.00  30.00  30.00  60.00 
st6: 120.00 120.00  90.00  30.00  30.00  60.00
