nBakeryProducts 6
Timehorizon 15
l: 0 0 0 0 0 0 
h: 5.00 1.00 1.00 3.00 4.00 3.00 
K: 1000 1000 1000 1000 1000 1000 1000 1000 1000 1000 1000 1000 1000 1000 1000 
a: 1 1 1 1 1 1 
d1: 108.00 100.00 107.00 0.00 104.00 98.00 101.00 105.00 105.00 105.00 105.00 91.00 91.00 90.00 107.00 
d2: 105.00 0.00 101.00 91.00 106.00 104.00 109.00 99.00 110.00 97.00 102.00 102.00 98.00 100.00 92.00 
d3: 0.00 106.00 0.00 100.00 100.00 106.00 100.00 109.00 94.00 98.00 109.00 95.00 91.00 106.00 108.00 
d4: 0.00 0.00 105.00 97.00 107.00 97.00 104.00 103.00 100.00 98.00 98.00 97.00 103.00 95.00 101.00 
d5: 0.00 0.00 0.00 0.00 100.00 91.00 98.00 92.00 110.00 108.00 109.00 105.00 102.00 100.00 90.00 
d6: 0.00 0.00 0.00 0.00 0.00 93.00 95.00 109.00 99.00 103.00 96.00 96.00 105.00 101.00 96.00 
s1: 800.00 200.00 200.00 400.00 200.00 800.00 
s2: 800.00 200.00 200.00 400.00 200.00 800.00 
s3: 800.00 200.00 200.00 400.00 200.00 800.00 
s4: 800.00 200.00 200.00 400.00 200.00 800.00 
s5: 800.00 200.00 200.00 400.00 200.00 800.00 
s6: 800.00 200.00 200.00 400.00 200.00 800.00 
st1: 90.00 30.00  120.00  30.00  90.00  90.00 
st2: 90.00 30.00  120.00  30.00  90.00  90.00 
st3: 90.00 30.00  120.00  30.00  90.00  90.00 
st4: 90.00 30.00  120.00  30.00  90.00  90.00 
st5: 90.00 30.00  120.00  30.00  90.00  90.00 
st6: 90.00 30.00  120.00  30.00  90.00  90.00 
